latitude: 51.53376
longitude: 0.731463
